8736987086919.811 3357193180378.0347 46.19367708140472
8940497659692.477 3374632754681.5703 46.61435292011706
18144651008747.363 4163370725613.842 65.64021912941634
18196976154061.402 4167854661004.5938 65.71830558174337
34888200397682.742 4141560646093.393 90.62714201892678
46518961533625.44 4096009497582.679 107.98409094889277
74517959067549.81 3986353175016.0024 129.50290153030988
148233454641676.0 3846327053124.211 186.1574222592375
165009906433160.66 3814459377743.7485 195.57788078123033
305818372031744.9 3910131260922.6704 274.6458700201831
352839695103797.0 3942079755700.6216 289.707553717436
607230726559144.9 4044050566561.7773 371.1930798760077
694003552956185.4 3853833130492.375 398.98780744473333
694003552956185.4 3853833130492.375 398.98780744473333
726710932749176.0 324825630886.98083 4781.98411133642
726710932749176.0 324825630886.98083 4781.98411133642
1120516821543135.5 529583193658.00415 3732.4242245488113
1127867393675062.0 533405089870.15894 3716.6577302903484
1516326573021885.8 813641953304.2366 2883.438314046955
1733363485292246.5 982658928468.7622 2417.9083974949717
2276656827206948.0 1405747316139.255 1918.2613992608044
2493209483342276.5 1612718623963.5217 1719.1058487504122
4480863289312376.0 3512428907204.875 1046.7814715454388
4480863289312376.0 3512428907204.875 1046.7814715454388
4801331518628691.0 2805293077644.3003 1427.8648081526242
4801331518628691.0 2805293077644.3003 1427.8648081526242
6893310174207295.0 4856549872950.379 910.7399360573212
7963805241847883.0 5906206988707.164 824.9289383923978
1.0662614178864088e+16 9209287127651.855 608.5921290105483
1.0711476754611648e+16 9269090176795.41 607.0084688073739
1.3881178829447932e+16 13628228695808.918 504.2768596967227
1.4786952238066122e+16 15695902041297.984 474.9202963478496
1.8712212530239324e+16 24656372731881.43 379.3404326452434
1.9072063117493596e+16 25834476159828.508 370.578091418689
2.4314549587146764e+16 42997686391024.875 333.2384373981302
3.0454369421859212e+16 72274836223193.12 289.5075189296092
3.4100026165011748e+16 101987619082882.44 263.541298080967
3.966959618268549e+16 147380654197283.44 256.76213237368887
5.366716932561506e+16 334771425198149.0 239.72457515929923
6.794555747704263e+16 657346275046398.0 222.34521571068723
6.993762364834211e+16 702350685858024.2 218.768603316044
9.427784870773254e+16 1270702208301924.0 175.0674693426519
1.050857570591591e+17 1600873472294738.5 155.66264257193077
1.3187521125300875e+17 2419265677822040.0 126.61604284700095
1.6259365432594822e+17 3433317580051874.0 93.30941727500391
2.0577933426263603e+17 4858927621058958.0 76.50786814454646
2.608729240795267e+17 7343950811342870.0 55.073502460393385
3.095848145091346e+17 9541124343916576.0 48.417044953266654
4.185227126587803e+17 1.592175106132946e+16 33.53073108711328
4.832949465256519e+17 1.97155404861057e+16 30.38431150827132
7.489105623365888e+17 3.921699488684876e+16 17.481588780637544
8.120079249180212e+17 4.384959276868719e+16 16.785226482201402
1.265933311779553e+18 8.319896013127858e+16 11.775563434788598
1.4940569109616584e+18 1.0797954056914187e+17 9.25791979082555
1.9740511228282872e+18 1.601202889157199e+17 7.938388031921014
2.873640793324268e+18 2.8489263591157104e+17 5.46536416860046
3.315220312756573e+18 3.4613935186651475e+17 5.229346581319957
5.370314390097731e+18 7.526795445142702e+17 4.130929819618517
6.156894243807852e+18 9.622022910916001e+17 3.7105147616131515
6.185313176403525e+18 9.697722953119672e+17 3.6953252711382745