767025600946.7797 179225947413.9525 5030.10015421811
778996791880.4613 181178494279.12927 5094.4091471558895
1045581518416.7229 224659479169.10083 6526.496847628951
1131612748025.0999 233197823713.96405 6988.654854126642
1339489390691.7576 253828964359.01788 8396.467917702856
1680874032731.6492 277996047986.7866 10708.443676993567
1981258188699.0925 295403386975.2346 12742.749857031322
2243965704651.4937 310627354998.00946 15145.661023831522
3186554083792.92 332538212179.12787 23767.24968955287
4432731698037.484 356103183055.4372 35165.683016550815
4542567975913.059 357693475915.0233 36170.32431000665
5916999797157.372 377593541299.5122 51180.351642530164
7272290239563.314 384415698892.51465 65981.33796253841
9007385127256.652 410511752955.10925 84930.12922758683
9125290899171.117 412285071186.8645 86004.47900604353
10762840082860.629 428884149304.42285 100925.72140276904
11316127480250.986 441170253079.6907 105967.24043239243
13507143933778.814 489823187609.42847 115911.61811891844
13638886408597.191 494596736320.3681 116509.55836936348
16268265499375.064 589869496200.2631 108580.28000388204
17134759434379.297 626620103236.506 105967.24043239243
19812581886990.926 740194586211.1361 87658.0412603927
20004368255317.53 748328821400.2664 87166.74980685106
22908894783846.734 891220816227.6935 79726.34060309979
24096474281072.812 949645348318.546 78104.08686778953
28189944944864.09 1088928889120.8859 72512.336513199
28427295793409.98 1097004937372.6383 72833.42631249207
34232763424991.645 1227642330257.3438 80687.10135956714
35415495857064.164 1234978449123.1387 82287.1096239494
42075761339707.37 1276289990037.5989 101605.28730031569
43579617778403.44 1275663526763.1238 105967.24043239243
48608976267456.85 1273568440884.918 130745.66943652651
52524810952071.81 1246560483797.831 150038.03683007052
58514012871687.055 1205252277129.5583 192404.81931095608
63306102857057.9 1186077459468.8792 226303.39824750985
74932129196245.61 1139557687124.72 308722.1477515641
79532508057256.25 1126118654211.8992 341334.96505538875
92082392880982.69 1089456822590.249 429252.39787164645
102012357981111.3 1106218607407.5552 498816.1470072433
110866798283729.14 1121164905962.8484 535789.7839483944
128096403228195.17 1178948396458.9722 607735.7383039513
136388864085971.98 1217919370578.9473 642362.7081208349
160754592257687.84 1332427738876.3728 691888.2382218698
167829771185081.3 1371706060928.6838 706269.1746120896
193590962902870.53 1514721014349.1519 694872.4313692845
217511195339839.38 1665700721883.1191 684290.1279425333
238013970727399.06 1795110126235.9077 673201.7092195638
275067801107142.12 2096144162615.9233 653162.0619633301
276111959898546.9 2108629327678.7705 652597.3545189229
345362400927053.75 2936667356025.621 516336.6575021214
444930754300831.8 4292794089499.6045 320420.8910459733
461388562812308.9 4516950393591.779 314441.8038720917
992041783912568.1 14290512370055.832 121656.60614380002
1085624943723383.0 17199145965261.828 87658.0412603927
3160220744610412.5 81679112821819.67 22823.570897017533
3397623945458438.0 95056997128132.64 15404.337336932906
1.0711521348746074e+16 507201706803132.44 3797.9411071552495
1.155332100697673e+16 589438502491181.0 2462.0924014946254
3.0138780187863136e+16 2405082634064748.5 969.9669593222329
3.691572013077792e+16 3458385771424828.5 425.8833071250965
7.336630699048946e+16 9123703425315246.0 228.04158591104914
9.585742517277642e+16 1.593587707147781e+16 105.9672404323924
3.4624456074575046e+17 9.177384263922211e+16 15.879851346699482
3.468840393622133e+17 9.21509083260934e+16 15.649771798876724
9.585742517277679e+17 4.528312878419024e+17 3.2211366801909125
1.1981532653744243e+18 5.94097974506587e+17 2.8578669634027682
2.497482041101661e+18 1.80325568281671e+18 0.8877161175976354
2.5945269827195233e+18 1.8935658809758072e+18 0.7405684692262446