0.4144144144144144
0.5422366433794408
0.5765765765765767
0.6498180234468323
0.7484139132472309
0.8198198198198201
0.8738949604337893
1.0262000392223785
1.169550190636039
1.1801801801801803
1.2949802996691568
1.3845499486798105
1.4774774774774777
1.4831254632188329
1.5548056327410076
1.5765765765765762
1.6534422730641594
1.6576576576576574
1.734219996790896
1.7567567567567568
1.81981981981982
1.8240035860460027
1.882882882882883
1.9048322479261803
1.972972972972973
1.9766142937552367
2.0573207040671577
2.0720720720720722
2.146910728339187
2.1621621621621623
2.209595219963681
2.243243243243244
2.29013862818459
2.3243243243243246
2.3975468185302815
2.423423423423424
2.487055341756806
2.531531531531532
2.5676802510232197
2.6304156808011556
2.6576576576576576
2.729042133493619
2.7477477477477477
2.809763825251571
2.8603603603603602
2.8994811949072044
2.9623185009920214
2.9639639639639643
3.061153800113592
3.1711711711711716
3.18694557003614
3.5194087099148565
3.558558558558558
4.022596164866428
4.054054054054054
4.552729902988286
4.585585585585586
5.002004416337904
5.090090090090091
5.388375404003229
5.504504504504505
6.062261704950934
6.063063063063064
6.5045045045045065
6.601391120970474
6.9203811192640465