0.4076886048803847 -0.6314089747932545
0.5422366433794408 -0.6678331503804653
0.6498180234468323 -0.722398100346464
0.7484139132472309 -0.7814965459687118
0.8738949604337893 -0.8587765164925003
1.0262000392223785 -0.9814797363780763
1.169550190636039 -1.0950955896897778
1.2949802996691568 -1.1950769972637716
1.3845499486798105 -1.276870088182433
1.4831254632188329 -1.3450491086247631
1.5548056327410076 -1.399586891575593
1.6534422730641594 -1.4405241875576764
1.734219996790896 -1.4405853133418056
1.8240035860460027 -1.4270323686496038
1.9048322479261803 -1.4043920573835273
1.9766142937552367 -1.413526966233947
2.0573207040671577 -1.4453701038883637
2.146910728339187 -1.5180826199869424
2.209595219963681 -1.581694186004063
2.29013862818459 -1.6861819222191372
2.3975468185302815 -1.817931758155835
2.487055341756806 -1.9269665735347423
2.5676802510232197 -1.995132010469488
2.6304156808011556 -2.036042139436403
2.729042133493619 -2.081519722828528
2.809763825251571 -2.1065524293678823
2.8994811949072044 -2.122511352840948
2.9623185009920214 -2.1180186077074517
3.061153800113592 -2.0704202991937333
3.18694557003614 -2.0092215037112684
3.5194087099148565 -1.8414821644300567
4.022596164866428 -1.5876064076801146
4.552729902988286 -1.3246704513714669
5.002004416337904 -1.0979956685590186
5.388375404003229 -0.9053254990453337
6.062261704950934 -0.5766640433517641
6.601391120970474 -0.304654303976826
6.9203811192640465 -0.14144506447496724