0.4144144144144144 3.707093821510297
0.5765765765765767 3.8443935926773456
0.8198198198198201 4.105263157894736
1.1801801801801803 4.558352402745996
1.4774774774774777 4.929061784897025
1.5765765765765762 5.025171624713959
1.6576576576576574 5.066361556064074
1.7567567567567568 5.025171624713959
1.81981981981982 4.94279176201373
1.882882882882883 4.9016018306636155
1.972972972972973 4.860411899313501
2.0720720720720722 4.91533180778032
2.1621621621621623 5.025171624713959
2.243243243243244 5.176201372997712
2.3243243243243246 5.354691075514873
2.423423423423424 5.533180778032037
2.531531531531532 5.697940503432494
2.6576576576576576 5.807780320366133
2.7477477477477477 5.8489702517162465
2.8603603603603602 5.835240274599542
2.9639639639639643 5.814645308924485
3.1711711711711716 5.505720823798627
3.558558558558558 4.94279176201373
4.054054054054054 4.187643020594965
4.585585585585586 3.391304347826087
5.090090090090091 2.6292906178489694
5.504504504504505 2.025171624713959
6.063063063063064 1.194508009153319
6.5045045045045065 0.5080091533180777
6.936936936936938 -0.13043478260869534