0.4299146611346818 2.9360613810741683
0.702489767948685 3.1611253196930944
0.9751772120140956 3.4884910485933505
1.239102350469758 3.836317135549872
1.4590362212744292 4.122762148337596
1.634956356977829 4.327365728900256
1.7931496744092006 4.388746803069053
1.9337509782702313 4.429667519181585
2.0656573788723596 4.552429667519181
2.2152231953956716 4.757033248081841
2.364833946819546 5.002557544757034
2.5232294713034498 5.248081841432225
2.690274964145694 5.370843989769821
2.8485356839279103 5.493606138107417
2.927643576368737 5.534526854219949
2.989136987788942 5.534526854219949
3.1205940393854408 5.248081841432225
3.2959524888318064 4.9411764705882355
3.418647234818557 4.675191815856778
3.53255720774528 4.40920716112532
3.6114404256832926 4.245524296675192
3.699108416681334 4.081841432225064
3.848202416748736 3.856777493606138
3.9796594683452358 3.570332480818414
4.093659311073083 3.3861892583120206
4.190134542581436 3.242966751918159
4.277600326526944 2.8951406649616365
4.347249422399299 2.322250639386189
4.442915825697522 1.4424552429667514
4.512519986669314 0.828644501278772
4.6085908040726 0.31713554987212156
4.722388439747915 -0.051150895140666286
4.897657019393154 -0.4398976982097196
5.1431363811677855 -0.8900255754475719
5.406207756512753 -1.319693094629157
5.678086372368032 -1.7289002557544766
5.993798983722332 -2.21994884910486
6.3358434468064395 -2.73145780051151