0.45062849508962377 5.909885341739031
0.9803695341352603 5.720922786466241
1.253247362639183 5.614081381419511
1.6304272220903469 5.449651388099169
1.8149513930675092 5.342688534725942
1.9914434133604197 5.23571464059576
2.135873075458054 5.1616863652172
2.312497584834417 5.120692034645897
2.5051201510375556 5.046730003809062
2.6816452936013304 4.9562510005686
2.8661694645784914 4.849288147195373
3.090755022164319 4.692895824937759
3.3073084290658974 4.53649246192319
3.523861835967475 4.380089098908622
3.7323830921848007 4.2236746951371
3.956968649770629 4.067282372879486
4.245695484882443 3.8532462585634883
4.478313193152522 3.6968649770628286
4.574599634550945 3.647512793477122
4.687016621859595 3.6311724731847628
4.8556586639580015 3.6149094381910842
5.040381568560341 3.606915930156173
5.257249637035115 3.607214030593939
5.514278458931145 3.6075673348164763