-3.54
-3.2326130743664674
-3.2313624678663238
-2.948683125575981
-2.8237316826456613
-2.619100742106029
-2.3204154636955856
-2.2738516758015237
-2.0058981217431313
-1.9437842557113063
-1.708007954600573
-1.65
-1.63
-1.441943313151926
-1.439103652325751
-1.3105689479555709
-1.252472050275589
-1.1340641218411998
-1.0946029236989467
-0.84
-0.81
-0.6529338732080756
-0.5902410632002733
-0.4634979990621986
-0.46151234418198595
-0.3489353446185195
-0.3214830237310924
-0.21923655235970418
-0.21096401850830482
-0.10549546490760164
-0.007712082262211872
0.041393018393294234
0.10709608575447316
0.2383469951981363
0.3407993724398466
0.35334917786292763
0.48304797012174383
0.5301821634900374
0.6288014745113246
0.7197418981925212
0.8220400640248329
0.9250673123143942
0.999417956055682
1.1303573377058074
1.1928505602172956
1.383068261911995
1.4181985739923348
1.6110491342096314
1.6830054469154314
1.8039967017509815
1.9670707863081018
2.0291507008779153
2.2386380171702953
2.298