-3.55 -0.41538536159480044
-3.2313624678663238 -0.6400866598761541
-2.948683125575981 -0.9255145430146645
-2.619100742106029 -1.2716851788976735
-2.2738516758015237 -1.6360770238152982
-1.9437842557113063 -1.951852031495045
-1.708007954600573 -2.176537161889056
-1.65 -2.255468787893486
-1.63 -3.349711403210942
-1.439103652325751 -3.3252008860002267
-1.3105689479555709 -3.2703594121356163
-1.1340641218411998 -3.2093903089683278
-0.84 -3.1057541511050757
-0.81 -3.233383453784094
-0.5902410632002733 -3.129811967470211
-0.46151234418198595 -3.062812242324296
-0.3489353446185195 -3.0079869363470277
-0.21923655235970418 -2.8801959547945875
-0.10549546490760164 -2.7524211411294885
-0.007712082262211872 -2.6246624953517323
0.10709608575447316 -2.4300172996394567
0.2383469951981363 -2.204960307836575
0.35334917786292763 -1.998156860842994
0.48304797012174383 -1.8703658792905538
0.6288014745113246 -1.736479604210118
0.8220400640248329 -1.6268613280302666
0.999417956055682 -1.5111800940971045
1.1928505602172956 -1.3894035666359479
1.4181985739923348 -1.267594703400107
1.6110491342096314 -1.1822929297828657
1.8039967017509815 -1.0909120305249715
2.0291507008779153 -0.9812614185704358
2.2386380171702953 -0.8533895975812844
2.30 -0.8046919209066954