-3.54 1.6685196599143004
-3.2326130743664674 1.8171700222064286
-2.8237316826456613 2.0333597765791485
-2.3204154636955856 2.269880356600441
-2.0058981217431313 2.4387730727149943
-1.65 2.6009596244076074
-1.63 3.679608128791387
-1.441943313151926 3.5719909994662205
-1.252472050275589 3.3834398435818116
-1.0946029236989467 3.235302617881336
-0.84 3.0198560268482506
-0.81 3.154687089896223
-0.6529338732080756 2.9593943808594156
-0.4634979990621986 2.784326331279804
-0.3214830237310924 2.6766207301284903
-0.21096401850830482 2.5688797402467185
0.041393018393294234 2.420848680737619
0.3407993724398466 2.347027789000593
0.5301821634900374 2.1921843988781773
0.7197418981925212 1.9699254772317758
0.9250673123143942 1.740942696798205
1.1303573377058074 1.5254430226694309
1.383068261911995 1.2425809001123596
1.6830054469154314 0.9665134138033742
1.9670707863081018 0.7376191051959502
2.298 0.5694341636905724