-3.55 0.9105960264900661
-2.7507886435331237 1.2980132450331123
-2.145110410094637 1.596026490066225
-1.65 1.844370860927152
-1.63 0.11589403973509915
-1.5772870662460567 -0.1821192052980134
-1.5015772870662456 -0.36092715231788075
-1.4258675078864353 -0.5298013245033117
-1.312302839116719 -0.7980132450331121
-1.1987381703470028 -1.1059602649006628
-1.0662460567823349 -1.4536423841059607
-0.9716088328075703 -1.6721854304635757
-0.9148264984227135 -1.8509933774834444
-0.84               -2.0099337748344377
-0.81 0.14569536423841045
-0.80 0.3841059602649004
-0.7823343848580446 0.6423841059602644
-0.6876971608832809 0.9304635761589402
-0.5930599369085172 1.2185430463576157
-0.5173501577287061 1.4370860927152316
-0.4037854889589907 1.6754966887417218
-0.2523659305993693 1.4172185430463575
-0.13880126182965302 1.258278145695364
0.012618296529968376 1.129139072847682
0.08832807570977863 1.2384105960264897
0.2018927444794949 1.0596026490066222
0.31545741324921206 0.9701986754966887
0.37223974763406975 1.258278145695364
0.42902208201892833 1.5860927152317879
0.44794952681388 1.9437086092715228
0.46687697160883346 2.1225165562913904
0.5615141955835963 2.19205298013245
0.6372239747634065 2.0430463576158937
0.7318611987381711 1.9039735099337745
0.8075709779179814 2.072847682119205
0.9022082018927442 1.8543046357615893
1.0157728706624614 1.725165562913907
1.1104100946372242 1.6258278145695362
1.1482649842271293 1.9834437086092713
1.2996845425867498 1.7947019867549667
1.451104100946372 1.5860927152317879
1.6025236593059926 1.4370860927152316
1.7160883280757098 1.268211920529801
1.9242902208201897 1.0298013245033109
2.0757097791798103 0.8112582781456954
2.299 0.6423841059602644