-3.5403600319584543 5.2343890442424845
-3.2818336162988113 5.06177594127634
-2.877733945870369 4.8202149705382995
-2.3444646958953363 4.475026215919304
-1.8756866074103664 4.1989725856386695
-1.65 4.026322031359233
-1.63 3.6660403974832714
-1.4413262758414067 3.555633925896335
-1.1822380904823735 3.486948217317487
-0.9392165185259156 3.445939029261959
-0.84 3.418487216618396
-0.81 3.1137084290422448
-0.5844027763906929 3.086481324278438
-0.29261959452711483 3.066369969040248
0.09649955058424098 3.053411814640967
0.3396709277938674 3.0401165984220513
0.4854688904424256 3.0127396884050737
0.7279286926994901 2.8678031059622495
1.0674997503245773 2.6884487666034156
1.3747503245780477 2.529805003495456
1.7305003495455908 2.343559622490762
1.940826924997503 2.253976081094577
2.2970638170378495 2.157801108558874